212564095451136
212564368080898
212570420461568
212574572822528
212575898222592
212582726549504
212583452164096
212584173584384
212584404271105
212584874033152
212585540927488
212586379788288
212587084431360
212587399004160
212587520638976
212588141395968
212589647151104
212590091747328
212590620229632
212591043854336
212591534587904
212593044537344
212593266835456
212593589796864
212593900175360
212594218942464
212596542586880
212596781662208
212597029126144
212597809266688
212598107062273
212598459383808
212600023859200
212600128716800
212600367792128
212600623644672
212600766251008
212600988549120
212601013714944
212601038880768
212601433145345
212603123449856
212603526103040
212604885057536
212605019275264
212605262544896
212605551951872
212606478893056
212608932560896
212609960165376
212611814047744
212612522885120
212613487575040
212613927976960
212614649397248
212615521812480
212617933537280
212618642374656
212619070193664
212619154079744
212619724505088
212620034883584
212620362039299
212620584337408
212620982796288
212621188317184
212621494501376
212621511278592
212622585020416
212622744403968
212623029616640
212623084142592
212623172222976
212623440658432
212624006889472
212624099164160
212624375988224
212624417931264
212624828973056
212625101602817
212625189683200
212625315512320
212626296979456
212627102285824
212627802734592
212629090385920
212629467873280
212630512254976
212631120429056
212631263035392
212631263035393
212632718458880
212633066586112
212633108529152
212633259524096
212634110967808
212635306344450
212635394424832
212636510109696
212636862431232
212637147643904
212637177004032
212637487382528
212637575462912
212638477238272
212638661787648
212638716313600
212638905057280
212639454511104
212639462899712
212640784105472
212641132232704
212642528935936
212642570878976
212642776399872
212643191635968
212643548151808
212643942416384
212644089217024
212644303126528
212644554784768